661
546
793
925
85
1306
201
1199
1153
761
810
1338
381
1470
220
366
1311
534
102
1067
714
1636
1047
798
1057
1163
1274
334
1387
910
957
1223
894
746
1091
825
1343
1021
778
1042
952
1519
1355
1580
1255
260
1123
862
349
1570
1174
28
1676
38
1217
598
160
1502
820
561
1666
392
1487
297
70
424
192
407
693
630
429
275
788
21
1619
1370
137
165
815
729
33
1238
1560
92
1423
916
467
229
847
566
484
1032
252
1602
197
361
1365
65
625
879
852
1555
435
97
329
1178
1296
665
1457
1624
583
522
830
889
1159
461
493
1210
1656
1079
1027
757
682
1195
1407
551
1128
1281
1634
1392
1291
710
456
842
324
1573
974
1012
285
224
1106
1402
1360
1350
519
1592
742
578
697
1089
1234
1541
874
1143
1270
1259
317
650
948
1534
1017
156
615
1328
1375
1121
1064
1111
1227
725
980
403
1498
9
1587
1425
1096
188
1672
1540
1006
388
53
1138
356
169
593
141
869
610
783
420
1118
499
989
857
1397
109
328
1567
471
256
1493
884
1329
1160
1028
1082
488
1361
124
225
1659
339
1292
933
77
554
753
1182
193
1461
537
669
901
686
1075
476
1424
642
1414
526
637
1584
489
1214
1446
1016
1207
590
1644
1612
679
1039
970
1155
547
212
706
96
1419
622
837
1324
393
1114
647
1263
997
1588
1099
985
701
515
1150
1478
1249
1297
1451
738
1530
1539
1456
1382
1266
1231
1131
654
1668
1552
1192
1060
1050
457
984
173
911
721
13
129
1002
569
1429
1599
1246
41
779
371
503
605
1393
1627
1525
134
1333
1434
73
128
343
237
1318
105
244
1202
792
2
1086
938
1241
266
633
360
805
205
508
311
921
541
1563
657
765
1054
1170
1286
398
1035
1466
558
1071
1187
674
1663
1515
1026
1167
1616
530
953
1185
773
794
586
662
718
888
926
906
1278
298
1135
1648
412
965
750
1510
1251
618
425
513
1146
430
1680
1103
1219
824
166
1483
32
34
1273
148
264
1548
45
856
161
745
279
64
1301
1595
573
180
689
296
17
444
1374
149
1631
375
733
601
584
1154
819
562
904
975
176
423
1007
694
191
402
732
22
1615
1389
44
645
892
69
1322
1665
1036
1586
1501
809
1337
1411
629
1024
1469
365
1369
138
1190
1168
760
101
1454
1633
479
1559
1105
347
1237
846
909
333
628
1031
249
893
1315
518
1083
962
468
234
941
1179
777
555
666
1295
88
1549
1554
1110
481
352
1200
408
977
170
1211
523
1158
582
762
1005
1596
1406
115
683
730
1290
217
276
1068
1522
1443
1618
994
1401
1422
308
1569
741
1073
1544
5
873
1205
449
120
247
1591
1142
379
1269
878
440
655
511
1533
614
269
677
1305
202
597
1437
1041
861
1173
1486
1497
10
1078
1426
1671
1608
385
384
56
1655
1137
1310
533
550
142
500
1164
797
715
1275
472
1233
814
1327
1260
698
1342
747
913
1640
945
1063
340
538
1354
153
1507
1222
930
1458
670
829
174
1095
404
1196
898
185
1001
1243
1127
42
1391
1576
782
1441
709
841
417
24
973
885
1046
288
1613
1650
1645
1359
1601
1386
301
1475
320
565
1366
1529
436
37
1518
1265
1228
1623
1482
25
1254
651
257
389
1628
52
1055
1409
724
1287
14
570
1430
184
1660
1298
719
785
372
504
110
1330
1264
587
1323
619
838
1511
917
702
751
802
125
344
1313
1279
1577
1455
934
357
1191
196
1462
1059
1132
949
542
460
157
1545
817
902
559
638
853
1379
1087
1514
189
20
1147
1247
1319
421
870
1479
46
1609
969
93
606
1347
1572
1013
284
770
1398
881
416
1115
325
152
1568
228
1641
289
448
1494
57
316
1362
78
1100
261
1232
29
216
1489
1415
475
924
492
164
1465
1302
756
1664
789
179
1450
591
1373
443
1040
1109
1632
321
376
1418
623
1334
211
646
253
1682
485
1136
834
106
238
121
514
1151
937
1383
1020
348
574
1677
806
84
1581
353
966
1183
1283
1051
821
905
480
602
981
766
147
1169
397
687
1377
280
1215
61
634
877
692
734
221
1447
293
956
866
1072
453
1119
132
1622
774
1394
396
1526
89
1351
133
660
998
411
1345
988
1433
116
243
1405
428
1201
1
1600
1104
1242
265
849
1521
507
527
312
74
206
1564
307
1651
1074
1604
292
1206
233
452
6
920
248
60
380
117
512
942
439
678
270
529
1438
1404
1358
744
1543
336
1257
703
1141
1536
656
1023
613
1221
154
1284
1353
600
1485
1052
1506
864
11
1427
1504
727
72
1585
175
1094
978
1140
386
1670
1008
314
446
571
1372
595
1272
612
143
497
43
876
859
1240
991
1617
845
1421
250
465
231
627
1316
1649
450
1084
1459
99
1180
363
556
931
539
1553
87
482
203
671
1157
1321
976
688
903
524
581
495
1654
1412
1517
759
1216
891
218
1126
1448
104
1189
1010
1390
1575
1289
368
844
1453
771
1108
1276
1590
1646
1326
588
1253
699
961
813
1385
963
517
319
1476
1341
896
748
1674
1639
40
304
1062
26
1508
1481
946
1101
258
158
652
351
390
1629
186
55
114
632
401
171
139
1244
1523
731
418
786
781
23
995
1558
8
75
1030
1491
568
290
119
58
914
378
235
246
433
510
207
667
1294
1440
929
1308
1193
1077
478
1212
1607
763
272
383
1513
899
1661
832
684
346
1309
549
1444
1442
536
82
1045
716
214
1161
1614
800
287
1116
1133
151
300
1348
999
620
1642
752
1512
447
315
1280
1578
1678
432
833
410
36
967
950
1097
168
835
262
146
1229
30
1546
1395
51
1625
818
1593
1380
405
854
190
1303
1527
183
19
1148
1673
422
1248
790
867
273
865
1480
373
603
735
564
305
1436
210
326
107
239
4
294
126
918
801
136
1363
1314
341
1495
1657
506
268
358
79
807
195
437
1335
1561
1172
897
474
1410
767
1056
664
1033
1288
400
1197
828
960
635
1473
532
1065
696
720
1165
955
1346
1610
94
796
283
886
928
415
1093
395
624
839
728
740
1236
987
1352
464
332
1129
1261
1268
575
1152
427
1532
860
1384
1537
596
1378
1582
1019
528
644
1550
1357
459
908
992
1500
723
822
131
47
15
163
200
850
68
1597
982
62
1431
1004
178
1299
277
691
442
871
1505
1399
1621
1120
501
369
607
90
111
1331
254
227
1606
322
486
803
1320
337
122
1653
469
1367
940
354
83
935
1009
923
1681
1184
309
1463
659
1565
543
215
1490
1037
775
560
1416
639
755
676
491
1088
1204
1449
222
592
1468
496
454
1069
364
708
232
882
100
1014
1417
972
843
1125
772
1620
286
1652
1388
743
875
826
577
711
579
291
1535
958
1403
59
118
1520
1124
281
204
1256
1226
545
1488
259
27
413
641
1428
71
391
1139
1503
12
1669
445
936
382
54
572
313
1271
1371
1312
611
787
144
713
498
1635
1058
1107
1239
1332
49
466
1092
335
1090
236
919
804
181
1258
704
1464
947
1638
1224
1356
350
1675
540
86
159
672
764
979
604
1194
187
1209
900
406
172
831
113
681
1408
1282
219
274
784
1117
1574
1011
419
81
1524
1048
736
1349
377
1589
990
996
1492
1603
230
1542
362
451
76
567
7
1144
245
737
318
509
880
39
649
1043
434
98
616
303
1122
271
208
1571
599
1376
1439
1307
863
1175
890
1667
477
811
387
1471
494
1080
631
758
1339
345
858
367
1557
552
535
816
103
609
323
1630
594
140
799
213
1162
726
621
91
483
848
700
520
66
240
251
1325
1029
895
1149
964
626
915
1344
1556
769
1460
943
1022
1293
668
155
198
1177
1381
108
330
462
932
1061
1112
912
685
521
1171
983
1198
130
1396
399
1474
1594
959
1213
768
827
636
1044
695
1245
1066
278
1445
1528
868
780
1643
455
883
1015
1176
223
608
394
986
306
135
1113
563
1000
1435
299
1477
226
3
1364
1250
1496
267
851
1102
505
438
431
241
80
653
922
167
35
658
1562
1413
473
1076
1626
722
1034
490
675
1583
1662
1304
426
1166
1203
1208
589
162
531
944
1467
795
680
663
548
1420
927
374
255
1277
1134
648
209
487
112
812
1509
1081
749
617
516
939
1340
342
123
1472
1145
1018
355
754
553
968
458
1181
823
836
1551
194
145
1049
1547
776
48
525
712
557
1003
580
855
690
1516
63
1598
640
1025
295
18
1070
872
705
282
1611
1156
1225
150
1400
707
887
414
971
95
1566
1605
327
1647
954
1252
739
1368
1267
1531
409
1230
1484
263
1098
310
993
50
1053
1499
67
199
673
1432
1300
1452
1637
177
791
182
331
1188
1186
441
16
1038
585
370
717
502
840
1262
1235
463
127
1317
338
1085
470
576
1658
1538
951
808
1679
359
1130
1579
1285
1218
1336
643
1220
544
907
31